Anul     Ianuarie       Februarie      Martie         Aprilie        Mai            Iunie          Iulie          August         Septembrie     Octombrie      Noiembrie      Decembrie      
1970     3265259.91     3694346.34     2550372.68     3138769.35     3399586.81     3921709.69     3941038.66     4042065.38     3376225.12     3231631.37     3888624.18     2856473.92     
1971     3727713.07     3145879.14     3367446.84     3119565.40     3620274.07     3348909.56     3373017.78     3807588.55     3223416.84     3219843.73     3178557.73     3707710.26     
1972     3115851.79     3159134.53     3699896.65     3154971.86     3426934.76     2627485.57     2947447.92     3773459.54     3603784.20     3058724.24     3235426.65     2826312.65     
1973     3392390.72     3391515.82     2960435.83     2614615.10     3320412.77     4143750.06     3238910.00     3353038.15     2629665.92     3112911.36     3527852.58     2688730.39     
1974     3977603.75     2954786.79     2476302.09     2828545.12     2597168.39     3857305.61     2962450.35     3319773.68     3793585.20     3692074.24     3150144.09     2976395.68     
1975     4150015.25     2622524.38     3193869.64     4130516.69     3463411.87     3663804.29     3427590.22     3596511.15     3367575.95     2933327.66     2730288.76     3249905.07     
1976     3164081.66     3307424.78     3099925.93     3144868.97     3436624.83     2942644.32     3515658.65     3871232.68     3789739.33     3883175.77     3604562.07     3433538.16     
1977     3167403.53     3197003.16     3447760.78     3493188.80     3441268.83     3010465.60     3490546.54     3133175.60     3690884.89     3745749.56     3567152.45     3515071.78     
1978     4814308.67     3176699.33     3635030.98     3407803.49     3704565.65     3653498.69     3874177.00     3785486.09     3739217.39     4621079.19     3194177.61     2983707.76     
1979     3470827.82     3407320.11     3320082.10     2661246.25     3529198.84     4153488.62     3478212.24     4157210.25     3577189.31     4088838.80     3579149.42     3463863.28     
1980     3422880.75     3117019.46     3343567.38     3191754.88     3422198.71     3380509.37     3776195.54     3644404.60     2885263.07     3803147.74     3472067.52     4038864.51     
1981     3039965.67     3559685.82     3237527.98     4016701.21     3803810.02     3242720.58     3411569.43     3115438.82     3213564.06     3458598.47     3325124.92     3825798.04     
1982     3659603.81     3008964.35     3083145.89     2590502.17     3591300.82     3201980.94     2988418.28     3689768.08     3181360.03     3550527.97     3337153.64     2879510.61     
1983     3600259.15     2454704.61     3120660.89     3191611.44     3805432.79     3484874.63     3292449.16     3598853.77     2845753.89     3228046.06     3353103.18     4276833.14     
1984     3798642.35     2981468.64     3335948.69     2836638.49     3148145.31     3447446.52     3451706.97     3493060.01     3657782.48     3346889.42     3703959.56     3567405.06     
1985     3979262.98     3166065.13     3483390.39     3618344.08     3848375.38     3228930.52     3217393.64     3806675.47     2681676.55     3336367.20     3023922.51     3207357.10     
1986     3220328.15     2431032.99     3933372.84     2551231.74     3232854.49     3237126.63     3872166.04     3875271.18     2970991.80     3625854.70     3096303.51     3256716.24     
1987     3414984.16     3177739.55     2936026.18     3106480.00     2853928.27     3120685.42     3923211.02     3914936.14     2981451.27     3297239.45     3565875.03     3601941.42     
1988     3481950.83     3214808.87     3559969.86     3228460.45     3692936.84     3541982.02     3335521.97     4265945.25     3340869.29     3164420.29     2946594.57     2688586.10     
1989     3287878.66     3022089.34     3453069.85     3429122.20     3111344.37     3636964.17     3214376.33     3418822.78     3237688.11     2971526.43     4360970.43     3094511.34     
1990     3597159.58     2800818.41     3707188.03     3082186.17     3556387.51     3826208.15     4209643.66     2906975.42     3581853.45     4330806.93     3318119.15     3732468.27     
1991     2360887.36     3447591.41     2743766.13     3559846.60     3228650.30     3377922.81     4658628.89     3608215.91     3511614.73     3431418.00     3024835.28     3211462.34     
1992     3949381.05     3815625.70     3385143.17     3897035.75     3563127.20     3111297.01     3751800.83     3159396.07     3206663.60     3042562.48     3046234.49     3354772.43     
1993     3007503.48     3871165.27     3275395.47     3162584.79     3388717.49     3610886.60     3630096.47     2841407.34     3752049.89     3763637.01     3244127.10     3313264.98     
1994     3051024.42     2643914.74     3447101.60     4008057.66     3610567.16     2981342.20     3259588.25     3535882.19     2761914.12     2838902.60     3335814.48     3099038.41     
1995     3323347.51     2693489.38     3335647.52     3805316.21     3124380.21     3262732.88     2866314.20     3353326.80     3444611.04     3697615.08     2576152.83     3710098.20     
1996     3336361.88     2546303.48     2785002.99     3299600.07     3876782.79     3344385.81     2629140.37     3283707.62     3474552.78     3141179.99     2650312.06     2839753.86     
1997     2949306.07     3147462.98     3662490.95     3903796.88     3375749.94     3477281.06     3820546.59     3330013.63     3320105.28     3399743.39     3174852.33     4461836.72     
1998     3139166.35     3404921.57     3463542.13     3085843.78     3679481.28     3366856.20     3280048.59     3666955.76     3122338.24     3368984.77     2817035.62     3146138.62     
1999     3045725.18     2853681.91     3027875.62     3243944.79     3258258.45     3430965.37     3373168.75     3332699.35     3562603.94     3270415.79     3569782.86     3392144.99     
2000     3982925.86     2884944.84     3383405.93     2932889.23     3251780.89     3415189.84     3482691.88     3728919.31     3591017.39     3627068.99     3523635.94     3262562.16     
2001     2820437.37     2708681.64     3830052.29     3285451.64     3913841.74     3715313.12     3799538.05     3467894.67     3448173.07     3860598.38     3048971.99     3208935.34     
2002     2650009.09     3188049.17     3467512.88     3184575.55     3307577.87     3866821.40     4097335.03     3305912.71     3064045.38     3717008.44     3570839.22     2993439.32     
2003     4007669.69     3242148.65     3787681.84     3333861.00     3548048.35     3166470.73     3849806.66     3378754.66     3674026.04     3348223.99     3245578.34     3166829.83     
2004     3754213.53     2636827.45     3336869.66     3429020.73     3544554.35     3395223.18     3440271.29     3386068.52     3091789.71     3785581.32     3393215.43     3933988.93     
2005     3084970.81     3547449.12     3979348.80     3253617.70     3519815.88     2984717.28     3174584.71     3310431.29     3926656.36     3377186.12     3695149.89     3507536.15     
2006     3480066.72     2687983.02     4031983.63     3215128.07     3617696.14     3235994.03     3514690.97     3756326.82     3212584.70     2981892.13     2514519.68     2973713.41     
2007     3404417.34     2734168.92     3458946.54     3351179.24     3250737.48     3191783.21     3128584.42     4408800.20     2723095.88     3662695.54     3523034.28     3224232.52     
2008     3137073.28     2627569.39     2916265.34     3497184.98     3139206.18     3711078.79     3498158.34     3627454.90     2939382.37     3139969.04     2969064.29     3128283.57     
2009     4024179.21     3179362.16     2402543.06     3467973.59     3369726.61     3500996.62     3415352.91     3336874.49     3831303.63     3970803.93     2781046.25     3828107.36     
2010     4107737.63     2457849.05     2985749.18     3565402.18     3609173.97     3386771.40     3693592.39     3082220.32     3695171.49     3869366.84     3086966.25     3414458.74     
2011     3651221.29     2856952.45     3748831.67     3419169.68     2738114.88     3638668.38     2704201.75     3284482.57     3656155.05     3371635.93     3504842.62     3386775.86     
2012     3489904.17     3410284.23     4048389.96     3455338.67     3603966.24     3052365.15     4393355.18     3436525.96     3195376.92     2783807.88     3204877.05     4417996.14     
2013     3212827.10     3086376.21     3322019.93     3260663.84     3459843.78     2315023.63     3765139.83     4327997.64     2861316.93     3660547.63     3202985.32     3418834.43     
2014     3666661.59     3312589.73     3233912.15     3176617.37     3416808.91     3447216.01     3360258.66     3577905.82     3620535.10     3367807.82     3763579.02     3181695.70     
2015     3518224.41     3128500.08     3081222.38     3697348.81     3531766.41     2908666.56     2893996.00     3500618.69     2695468.87     3318323.73     2850652.37     3255376.78     
2016     3671091.33     3416762.00     4007520.40     3450384.44     3449316.27     4008347.81     3876819.52     3201661.66     3897212.57     3576857.28     3558194.32     3944093.81     
2017     3346902.69     3332001.52     3489748.77     3369163.31     3625679.11     3361355.98     3422720.88     3459401.15     4182604.38     3265254.85     4082959.18     3307806.97     
2018     4285180.84     3210906.72     3065203.06     3244123.26     3209630.11     3589373.16     3380173.50     3935378.06     3104721.00     3867921.10     3211370.76     4344258.21     
2019     3778645.88     3031701.18     3157418.39     3467820.87     3433596.78     3774062.86     4086980.02     3444334.40     3039592.01     2885091.01     3516343.68     4087766.80     
2020     3394530.94     3264795.43     3305727.17     3140616.05     3401662.44     2866307.53     3413641.51     3917480.34     2982941.93     3132344.79     3730379.45     3689664.31     
2021     3411574.92     3352948.33     2537619.73     2617253.28     3417895.20     3291057.38     3084800.65     3217498.30     2539190.84     3110538.36     3677492.90     3273526.21     
2022     3072944.98     2856904.14     3923985.03     3925714.43     3471361.12     3936583.10     3033033.50     3222366.88     3310281.22     3838446.59     2849722.94     4149390.04     
2023     3151589.96     3318559.30     3242111.51     3366077.72     3575678.75     4301503.09     3125798.04     3504269.09     3576468.80     3395698.19     3241209.36     3370736.45     
2024     3217424.81     1746088.61     0.00           0.00           0.00           0.00           0.00           0.00           0.00           0.00           0.00           0.00           
